# oST version 5.0 parameters


[image]

width
480

height
300

[narrow_stereo]

camera matrix
261.069112 0.000000 237.182124
0.000000 263.594022 157.781388
0.000000 0.000000 1.000000

distortion
-0.344142 0.110561 0.001746 -0.003783 0.000000

rectification
1.000000 0.000000 0.000000
0.000000 1.000000 0.000000
0.000000 0.000000 1.000000

projection
197.382431 0.000000 233.718708 0.000000
0.000000 228.958435 160.499502 0.000000
0.000000 0.000000 1.000000 0.000000
